accuracies =

    0.8500


bestError =

    0.1809


meanFinalError =

    0.1966

meanFinalValError =

    0.2157